time[UT]  C01 C02 C03 C04 C05 C06 C07 C08 C09 C10 C11 C12 C13 C14 C15 C16 C17 C18 C19 C20 C21 C22 C23 C24 C25 C26 C27 C28 C29 
18:50:52   62  62  50  65  40  42  52  42  56  67  58  41  44  39  38  40  45  68  60  66  58  45  32  41  42  62  55  53  64 
18:51:00   47  51  79  43  68  45  57  47  55  40  79  42  63  52  49  73  45  48  53  76  44  60  46  63  49  50  53  60  68 
18:51:08   73  52  52  60  53  46  54  40  53  47  71  53  53  64  53  42  55  47  44  57  52  54  68  68  53  60  62  83  64 
18:51:16   44  50  36  52  51  61  65  58  62  53  74  47  41  79  62  46  66  63  62  62  57  54  49  70  47  51  72  70  63 
18:51:24   62  53  44  55  63  45  44  68  36  53  58  40  47  58  62  45  50  59  54  42  52  58  66  63  47  52  40  64  65 
18:51:32   39  53  53  51  74  40  49  52  62  53  53  47  40  46  45  62  51  62  42  49  66  38  58  43  68  49  52  73  66 
18:51:40   53  58  59  47  40  57  47  43  47  46  40  52  44  58  62  47  40  44  58  42  53  44  40  53  55  50  61  73  66 
18:51:48   40  38  47  32  53  48  51  62  40  40  44  62  55  40  47  60  53  62  57  41  47  58  58  45  42  61  70  49  65 
18:51:56   53  39  50  44  46  42  53  70  34  50  54  43  42  70  42  63  62  44  70  52  40  47  56  41  66  63  49  65  78 
18:52:04   58  52  53  71  54  44  53  40  40  43  51  44  68  47  48  51  51  51  49  62  62  45  51  45  53  53  61  62  81 
18:52:12   52  34  41  42  66  68  74  51  62  43  59  53  50  47  40  46  53  42  46  52  72  62  53  54  45  49  64  57  66 
18:52:20   66  58  45  53  42  50  43  54  58  51  52  44  51  62  37  53  53  61  41  70  52  68  59  46  54  53  62  52  71 
18:52:28   80  74  48  51  51  70  62  43  58  40  50  44  42  53  40  52  53  62  43  42  50  43  62  49  53  61  64  56  60 
18:52:36   80  45  53  42  62  32  70  53  44  47  40  53  61  52  62  47  58  54  47  40  53  58  40  62  53  52  58  60  79 
18:52:44   52  63  42  58  51  53  40  44  53  41  37  51  49  62  39  68  44  83  42  30  46  53  51  41  50  66  68  62  83 
18:52:52   70  70  84  75  62  37  40  41  45  39  51  58  63  62  60  43  46  62  43  51  50  44  40  43  53  53  60  62  74 
18:53:00   40  66  57  53  43  57  45  30  40  58  40  47  53  52  60  43  41  42  58  53  58  53  53  53  52  55  66  74  71 
18:53:08   53  57  47  53  56  40  50  40  55  51  62  38  51  44  52  48  42  42  42  57  62  62  53  50  49  58  62  58  67 
18:53:16   44  47  45  53  51  65  47  37  41  42  51  46  40  46  53  58  57  52  62  57  70  59  59  47  56  58  79  70  67 
18:53:24   74  52  53  44  45  78  52  52  51  64  53  33  42  46  58  55  68  56  59  54  48  76  56  51  62  54  72  77  73 
18:53:32   40  44  32  60  53  43  42  60  53  40  51  50  55  54  53  54  53  53  65  48  57  53  57  58  62  62  74  85  79 
18:53:40   43  51  63  44  37  45  53  72  49  53  51  46  58  65 103  76  51  55  57  51  65  53  50  49  74  74  67  78  79 
18:53:48   68  44  45  44  42  40  52  42  50  49  42  71  53  55 113  65  51  65  50  65  58  51  58  53  75  68  67  82  73 
18:53:56   51  40  40  51  40  68  42  50  47  62  54  61  50  74  55  44  60  55  60  52  51  50  59  65  63  71  64  78  72 
18:54:04   43  53  40  49  63  53  63  53  60  52  52  70  53  60  63  57  51  54  55  41  56  53  51  53  53  61  58  74  69 
18:54:12   53  53  51  44  44  54  62  50  51  61  41  42  54  40  51  68  62  53  50  52  52  50  56  58  68  53  65  57  79 
18:54:20   52  57  43  40  41  30  58  31  45  41  53  53  57  51  50  41  50  58  48  53  66  65  63  44  81  62  53  53  65 
18:54:28   42  76  63  52  51  38  45  44  39  45  42  40  51  53  57  51  62  52  62  52  65  63  71  75  68  63  71  52  73 
18:54:36   46  62  33  32  53  47  37  42  41  37  49  57  42  52  55  46  58  65  57  65  58  53  70  86  83  58  55  60  63 
18:54:44   46  48  44  45  40  30  46  26  47  45  51  54  47  53  45  48  63  50  49  62  69  53  62  91  74  55  68  68  70 
18:54:52   53  53  54  42  37  45  42  55  51  38  51  50  33  60  58  40  43  53  42  47  45  59  73  56  60  70  70  65  56 
18:55:00   68  45  36  42  51  34  43  32  42  43  49  53  52  63  45  58  62  62  64  55  79  54  66  68  52  61  65  72  72 
18:55:08   53  42  40  44  51  68  46  47  40  38  42  51  30  38  50  45  47  57  65  57  58  59  60  66  55  56  63  61  68 
18:55:16   40  34  40  47  53  62  47  53  44  61  42  51  33  52  37  48  60  64  57  59  63  61  63  65  61  68  64  53  53 
18:55:24   52  32  44  52  36  45  53  73  62  38  28  52  53  40  40  62  48  46  61  59  59  73  61  73  57  53  47  45  62 
18:55:32   67  57  40  45  40  49  38  41  37  50  44  60  42  53  58  51  53  51  68  77  65  78  63  57  57  55  46  56  44 
18:55:40   51  38  44  30  42  51  47  30  52  44  51  54  51  45  46  55  72  72  60  61  67  64  61  57  55  67  50  51  53 
18:55:48   62  40  51  34  51  39  58  32  50  62  47  53  40  68  53  62  56  65  63  57  65  62  57  51  60  59  58  50  52 
18:55:56   43  53  40  38  53  40  65  62  53  37  63  47  49  62  65  80  55  73  61  44  63  61  48  55  70  47  57  52  50 
18:56:04   62  48  53  50  39  31  76  32  42  47  53  52  42  52  52  60  64  78  68  59  47  44  53  42  52  54  44  65  51 
18:56:12   67  38  53  46  45  42  52  35  42  53  44  46  53  61  55  71  47  65  64  52  62  57  45  60  54  51  57  50  52 
18:56:20   51  45  57  45  23  53  62  47  63  51  45  50  42  58  42  71  57  58  60  59  59  44  60  45  47  47  41  43  53 
18:56:28   59  31  49  53  53  50  41  44  40  44  37  43  57  56  60  58  55  53  46  53  63  42  58  53  62  51  53  53  49 
18:56:36   39  41  58  51  41  50  63  47  53  40  62  58  49  51  52  58  58  48  51  47  53  53  40  52  47  54  63  55  38 
18:56:44   68  39  25  32  48  38  38  62  53  67  29  44  53  40  52  48  57  44  51  53  67  49  51  57  43  43  53  40  34 
18:56:52   41  44  53  53  65  40  53  41  38  51  51  42  37  42  41  35  40  39  38  43  58  42  50  47  51  47  51  50  53 
18:57:00   11  40  40  38  55  39  44  38  43  51  74  53  37  40  51  54  41  42  52  39  51  41  53  56  33  63  45  59  47 
18:57:08   30  50  30  51  38  51  36  44  68  41  42  44  53  55  53  51  50  53  53  59  47  49  44  64  49  42  51  37  44 
18:57:16   42  50  40  29  20  40  44  37  67  39  39  42  43  39  53  42  43  52  44  42  52  42  57  51  59  42  45  47  37 
18:57:24   58  26  54  36  42  42  63  36  38  58  68  42  45  44  53  51  51  48  53  63  42  53  40  54  43  72  40  62  48 
18:57:32   52  71  57  57  24  51  53  53  63  48  44  53  42  50  42  45  49  51  67  40  50  53  45  48  56  68  41  40  33 
18:57:40   45  45  51  38  58  44  45  38  50  57  50  37  45  42  53  57  43  44  63  44  42  49  42  51  38  63  35  42  30 
18:57:48   45  51  30  36  36  50  60  42  46  74  42  42  43  30  58  57  64  57  53  72  63  51  45  51  53  46  40  47  52 
18:57:56   42  64  42  59  58  50  44  38  40  62  39  40  36  58  47  49  73  68  53  53  47  68  51  41  45  50  50  37  54 
18:58:04   53  47  62  50  49  40  41  47  50  50  37  36  31  51  50  50  50  52  58  43  51  47  51  46  50  43  51  42  40 
18:58:12   52  39  62  35  42  46  36  59  37  34  38  42  51  45  43  42  62  51  43  57  45  42  45  35  42  43  68  50  53 
18:58:20   56  55  42  40  41  38  54  51  47  42  30  44  51  76  33  45  37  63  44  45  63  68  42  47  53  44  43  40  36 
18:58:28   42  40  49  40  63  58  58  51  44  53  63  50  42  44  61  58  58  57  72  68  72  63  72  53  52  72  62  49  61 
18:58:36   63  51  54  33  54  63  44  79  63  63  59  68  63  82  58  68  52  65  63  58  44  51  49  52  33  54  51  47  37 
18:58:44   68  54  42  50  68  68  63  72  49  82  51  76  72  76  79  62  68  58  70  63  70  54  58  60  51  51  59  58  43 
18:58:52   40  51  42  32  53  52  53  36  43  38  68  58  43  58  52  42  70  68  63  68  68  72  42  68  56  63  52  51  84 
18:59:00   72  60  63  79  51  79  72  72  79  63  51  72  79  58  58  76  53  42  46  79  54  55  63  65  42  39  74  51  58 
18:59:08   52  40  47  40  43  33  53  42  51  25  52  68  50  33  52  49  58  76  54  68  72  53  65  72  76  52  79  72  52 
18:59:16   63  47  48  51  54  70  76  52  54  72  63  62  53  58  84  51  76  42  76  57  63  37  39  47  62  40  38  27  68 
18:59:24   24  42  47  53  40  58  49  53  51  51  54  54  72  58  42  76  54  72  82  63  61  41  63  36  44  41  42  41  63 
18:59:32   58  47  36  50  45  42  42  51  44  68  58  63  41  58  72  72  52  68  67  68  63  80  63  50  63  72  79  49  42 
18:59:40   63  68  48  58  50  58  72  50  42  58  54  63  43  58  51  42  63  67  42  45  48  58  53  43  50  44  40  50  32 
18:59:48   46  63  54  40  58  47  38  42  50  59  61  42  58  40  53  42  58  63  58  40  38  63  68  65  65  61  76  84  47 
18:59:56   70  59  60  60  58  56  91  65  63  61  47  68  64  52  57  30  51  63  27  51  47  40  45  58  36  33  49  33  37 
19:00:04   51  46  47  58  82  40  51  58  42  63  42  48  71  51  68  73  68  76  63  42  76  52  37  63  58  63  63  44  38 
19:00:12   70  42  76  42  43  53  58  58  63  42  58  42  42  64  79  76  72  42  68  76  70  76  44  57  40  41  61  54  65 
19:00:20   72  58  44  60  63  63  51  79  58  63  58  54  51  34  49  51  58  50  45  51  35  52  51  37  47  47  55  45  53 
19:00:28   53  39  38  62  42  51  51  38  46  57  37  50  42  43  51  42  44  63  54  55  51  60  63  50  62  79  74  63  58 
19:00:36   72  58  50  63  72  53  76  63  45  42  66  41  51  63  45  53  63  67  42  51  52  70  49  47  36  46  44  51  40 
19:00:44   42  57  53  52  63  60  42  47  42  36  54  68  54  31  65  76  68  70  55  68  61  68  52  51  52  63  55  51  51 
19:00:52   63  32  57  42  68  58  51  62  47  63  52  51  60  68  68  76  63  58  51  53  49  51  76  51  40  49  47  72  58 
19:01:00   42  53  37  63  68  45  57  52  54  63  72  63  46  63  57  68  63  41  58  54  40  42  46  42  58  53  56  63  42 
19:01:08   53  35  53  42  44  40  42  57  58  46  50  68  36  42  57  51  51  60  72  34  61  68  62  68  68  58  79  63  68 
19:01:16   51  84  63  66  51  68  63  68  53  53  52  36  58  40  42  50  49  42  30  46  53  42  39  45  58  51  42  44  57 
19:01:24   36  42  58  42  41  26  44  42  41  50  42  58  38  47  54  68  58  68  69  58  53  61  51  62  42  42  49  61  63 
19:01:32   34  68  63  32  58  58  63  68  76  49  62  38  42  87  38  58  42  58  58  49  53  47  51  33  44  42  48  45  42 
19:01:40   47  39  45  48  40  57  42  57  38  62  38  53  37  44  34  58  45  41  52  40  53  42  51  44  63  41  42  35  50 
19:01:48   50  51  41  34  41  44  44  50  60  42  41  32  38  62  51  42  58  58  42  45  50  40  38  53  47  58  27  42  41 
19:01:56   38  29  35  45  47  40  44  46  53  45  43  37  57  41  37  42  41  52  55  38  50  50  32  34  40  49  37  32  67 
19:02:04   37  40  37  50  42  36  46  40  39  53  42  52  37  34  40  58  42  51  38  41  44  51  32  39  40  36  29  30  47 
19:02:12   29  42  28  50  44  48  30  42  31  61  47  33  38  38  52  41  36  42  39  46  57  34  40  40  31  40  35  41  41 
19:02:20   31  42  58  47  38  41  37  38  46  28  32  41  51  50  58  50  31  41  33  43  41  51  42  38  50  37  38  40  58 
19:02:28   51  36  30  30  45  42  37  53  51  33  47  51  50  31  40  51  47  42  51  41  68  46  53  30  44  52  42  42  52 
19:02:36   44  68  38  51  42  76  50  48  46  54  35  52  40  34  37  63  28  51  57  50  50  50  36  62  58  44  57  52  52 
19:02:44   47  36  36  41  57  48  53  51  53  43  54  46  50  50  72  33  52  51  51  51  54  44  54  43  60  61  76  82  54 
19:02:52   41  56  34  53  51  52  82  60  51  57  51  44  37  42  47  62  50  63  45  60  49  51  38  55  41  34  62  58  33 
19:03:00   53  41  62  51  68  51  42  50  67  44  57  51  51  58  50  76  63  62  51  56  44  61  32  67  54  63  41  56  32 
19:03:08   68  40  38  38  47  42  42  37  50  61  57  63  58  68  58  45  58  63  62  36  42  45  58  53  58  48  57  33  40 
19:03:16   46  67  72  42  58  50  53  51  46  58  53  61  68  70  44  40  57  51  58  63  45  63  54  42  42  39  47  51  42 
19:03:24   38  42  29  35  50  42  50  58  42  34  54  50  58  50  45  49  42  41  44  42  55  45  50  68  72  48  70  59  43 
19:03:32   32  63  42  76  46  68  58  58  57  38  68  51  51  57  51  42  50  42  33  44  50  38  53  51  54  50  50  42  30 
19:03:40   50  42  21  51  43  41  51  51  50  50  41  40  46  67  62  46  68  68  52  58  61  54  61  39  58  58  45  53  51 
19:03:48   38  42  48  37  32  42  35  33  68  30  47  63  51  41  51  50  62  50  42  42  48  33  50  48  60  50  50  47  52 
19:03:56   52  42  53  41  30  41  37  50  36  30  45  36  53  40  53  32  41  40  36  42  31  39  33  35  57  44  35  42  41 
19:04:04   25  32  42  39  30  44  44  57  36  51  35  50  41  45  53  57  44  50  78  40  43  37  41  33  52  46  57  42  42 
19:04:12   30  41  41  46  47  37  50  50  30  38  42  41  34  30  34  50  71  41  45  31  47  41  45  44  30  45  51  42  51 
19:04:20   32  43  41  30  38  41  41  67  57  30  42  29  51  38  32  38  26  51  40  26  50  47  32  31  41  36  46  50  41 
19:04:28   62  47  30  42  36  41  28  30  63  63  40  40  40  42  41  29  62  71  53  43  53  46  41  43  50  71  45  44  41 
19:04:36   50  46  50  44  41  57  46  32  50  53  47  37  48  35  38  45  39  41  45  42  40  47  29  41  35  38  40  40  30 
19:04:44   52  44  38  45  33  30  31  53  40  40  45  41  34  48  51  38  50  50  42  55  40  36  30  37  39  51  27  58  42 
19:04:52   30  38  42  53  42  41  42  40  47  51  34  50  31  42  53  32  62  34  38  44  17  30  52  46  34  32  33  53  42 
19:05:00   47  38  32  41  28  42  30  35  57  47  40  45  29  41  46  36  41  39  58  50  52  42  49  40  51  51  47  40  47 
19:05:08   32  50  42  52  52  58  46  38  31  44  40  52  25  53  35  30  40  30  53  50  45  47  42  58  37  41  40  38  57 
19:05:16   33  30  29  50  37  51  35  42  39  32  34  50  42  52  28  58  51  40  51  51  62  38  33  42  34  53  39  32  50 
19:05:24   12  45  42  40  50  42  42  57  62  42  41  57  53  40  37  38  42  34  30  27  38  44  30  36  45  35  42  30  42 
19:05:32   19  42  40  48  52  33  38  41  45  42  41  42  30  46  49  28  50  51  42  42  67  42  51  42  53  36  58  58  57 
19:05:40   32  51  30  58  31  34  37  26  41  44  47  42  44  37  41  40  41  25  42  42  52  25  29  53  40  51  35  51  40 
19:05:48   38  41  29  28  29  32  45  45  30  51  37  53  44  50  42  45  38  40  40  51  42  42  30  41  50  57  45  40  25 
19:05:56   22  30  42  32  40  57  29  42  29  58  30  47  25  40  37  53  25  42  44  30  45  42  32  40  46  33  30  41  41 
19:06:04   40  60  51  33  45  38  32  38  48  51  42  50  36  57  33  51  41  40  30  41  44  29  44  44  40  41  40  53  33 
19:06:12   38  19  36  42  50  30  32  38  51  38  51  45  31  29  40  38  25  41  22  40  29  37  44  44  52  52  21  41  42 
19:06:20   30  52  47  58  47  39  27  51  41  33  38  30  42  51  45  42  44  50  41  29  37  37  38  34  29  62  30  58  24 
19:06:28   50  51  33  42  30  44  40  44  51  42  37  40  31  38  50  44  38  44  41  35  40  42  29  25  34  32  42  36  34 
19:06:36   30  29  41  31  30  42  41  38  30  40  50  30  30  44  45  29  46  42  28  40  42  42  64  32  40  30  40  32  53 
19:06:44   30  42  41  36  30  72  29  57  32  42  28  30  30  42  35  44  24  58  75  29  38  44  30  37  25  50  38  38  42 
19:06:52   31  30  34  32  30  41  42  42  32  41  44  42  47  42  44  33  31  42  30  42  72  62  58  62  58  41  42  58  38 
19:07:00   47  51  51  44  42  19  42  41  42  36  27  45  53  30  30  35  34  53  31  36  40  41  32  22  42  33  45  21  33 
19:07:08   32  37  51  44  50  44  32  43  41  42  31  50  33  28  32  32  34  41  42  40  40  58  42  35  42  63  42  32  37 
19:07:16   27  32  29  30  38  38  57  41  58  50  41  41  26  34  47  29  24  40  42  34  32  36  57  29  57  42  38  42  41 
19:07:24   50  42  42  42  32  63  37  38  42  51  50  35  51  47  47  37  32  43  38  42  34  32  45  36  25  41  50  40  51 
19:07:32   30  45  29  40  30  36  42  44  29  32  34  31  41  52  30  50  40  38  37  35  57  40  45  40  37  34  31  35  42 
19:07:40   31  29  29  29  29  29  29  29  29  29  31  31  31  31  31  31  31  31  31  29  29  29  29  29  29  29  29  29  31 
19:07:48    0   0   0   0   0   0   0   0   0   0   0   0   0   0   0   0   0   0   0   0   0   0   0   0   0   0   0   0   0 
19:07:56    0   0   0   0   0   0   0   0   0   0   0   0   0   0   0   0   0   0   0   0   0   0   0   0   0   0   0   0   0 
19:08:04    0   0   0   0   0   0   0   0   0   0   0   0   0   0   0   0   0   0   0   0   0   0   0   0   0   0   0   0   0 
19:08:12    0   0   0   0   0   0   0   0   0   0   0   0   0   0   0   0   0   0   0   0   0   0   0   0   0   0   0   0   0 
19:08:20    0   0   0   0   0   0   0   0   0   0   0   0   0   0   0   0   0   0   0   0   0   0   0   0   0   0   0   0   0 
19:08:28    0   0   0   0   0   0   0   0   0   0   0   0   0   0   0   0   0   0   0   0   0   0   0   0   0   0   0   0   0 
19:08:36    0   0   0   0   0   0   0   0   0   0   0   0   0   0   0   0   0   0   0   0   0   0   0   0   0   0   0   0   0 
19:08:44    0   0   0   0   0   0   0   0   0   0   0   0   0   0   0   0   0   0   0   0   0   0   0   0   0   0   0   0   0 
